0.3118359603 -0.0979987597 -0.2106272005 0.1114710512 -0.2144198280 -0.0924688478 -0.0144933646 0.1271775628 -0.0365180322 -0.2893222619 -0.3263097034 -0.4619043656 0.3924388784 -0.0484776175 -0.0355311346 0.0210240770 -0.0040038454 0.1587113252 0.3853868306 0.1696722411 
-0.2238898665 -0.1153580852 -0.3233905967 -0.1108759440 -0.1052299252 -0.0679272189 -0.0872014730 0.2167223166 -0.2566680559 0.1305076897 -0.3150503884 -0.2323613412 -0.3969357324 -0.1873417009 0.3478308614 -0.1318501152 -0.1155005943 -0.2068961353 -0.2294922182 0.2709848138 
0.0253635253 -0.3560181821 0.0428976210 -0.2452369316 0.2352220111 0.3959796533 -0.1201560916 0.2270069720 0.1826124084 -0.0311208182 0.2423354578 -0.1224349333 0.3218751283 -0.2261731829 0.0196808926 -0.0865291012 -0.0613513534 0.2412605225 -0.3748189262 0.2437262510 
0.1977244570 0.3646717563 0.1452345897 -0.1776004867 0.1118542246 -0.4120853719 -0.2998487860 -0.0899344465 -0.2378090566 -0.0314798475 -0.0532982260 0.1729838002 0.4368688499 -0.0100138457 0.1096166535 -0.0591558429 -0.1986200319 -0.1901953224 -0.2848470375 0.2035219392 
0.0389664012 -0.3900560245 0.1957026092 0.0947803206 -0.0376825376 -0.2203656102 -0.2288183717 -0.1743643828 0.2473497406 -0.1280294245 0.0818404870 0.0031137432 -0.0632173815 -0.0291995726 0.3018979589 0.5415752342 0.2796859270 -0.2649280943 0.0025865510 0.2105216857 
0.3818715777 0.3013096868 -0.0468937957 0.4487554022 0.1489861830 0.0116180060 0.0096185036 0.1368492708 0.1265355601 0.2613881617 -0.0058499283 0.1032831306 -0.1449015379 -0.4102486354 -0.0246876258 -0.0882203499 0.3812516732 0.0826543175 -0.0672813312 0.2630842585 
0.0431242619 0.2904549914 -0.3152519094 -0.0200831350 0.0165866669 0.1137661201 0.0998791223 -0.0044386636 -0.2598658420 -0.2579720696 0.4213425331 -0.0373450740 -0.0675873174 0.3875873829 0.3626207157 0.1540569553 0.2164453223 0.2693609473 -0.0521887234 0.2135995449 
0.1589678962 -0.3478811533 -0.3560163235 0.2153011177 -0.0606310323 -0.1087350589 0.0207148420 -0.2583825451 -0.0737001292 0.4837018329 0.0527891697 0.1921473924 0.0683613779 0.2568637868 -0.1747421622 0.1256667628 -0.3213145986 0.1850830706 -0.0644103784 0.2453210063 
-0.0157544087 -0.1086365887 0.0802649794 0.0903061024 -0.0249267497 -0.2496592767 0.3857382692 0.5047546795 0.0473962302 0.0301287879 0.3382412646 -0.0622857169 0.0891885880 0.2446349860 -0.1826140626 -0.1559795830 0.0080164318 -0.4516086006 0.0303481058 0.2344675231 
-0.0959591569 0.4103488724 -0.0874248845 -0.0768208322 -0.1784789967 0.0962804895 0.1464199330 -0.3630023969 0.4799155576 0.0812546301 0.1324822858 -0.4258610641 -0.0168339881 -0.0720178125 -0.0945843370 0.1065938174 -0.2480611625 -0.1782348260 -0.1163681043 0.2146497025 
-0.1579093247 0.0702456653 0.4721486779 0.2036302687 -0.5522273501 0.1875671876 0.0195595732 0.0944039199 0.0193826517 0.0855634122 -0.2649373439 0.0797514153 0.0874103178 0.2851958224 0.0854580379 -0.0619748655 0.0852256725 0.2245003536 -0.2460468478 0.2318112009 
-0.1190888774 0.1156111130 -0.2496468010 -0.1331721190 -0.1834452686 0.1626051750 0.2166715457 0.2061152748 0.1665638804 -0.2058957072 -0.1312124900 0.6206205797 0.1190491608 -0.2604173471 0.0492274017 0.2758526926 -0.1969080888 -0.0649900151 0.1755222615 0.1898294032 
0.2826942113 0.0319578583 0.3987948987 -0.3311499158 0.0503028803 0.2838566138 0.2140500639 -0.0375543794 -0.4009583107 0.3013453769 0.0187850944 -0.1054861782 -0.1187391360 -0.1013806700 0.0238326641 0.2639386585 -0.0979590906 -0.0754243023 0.3209388447 0.2099531390 
-0.1200060204 -0.0131564503 -0.1615526632 0.0949014877 0.2200136802 0.4121669467 -0.0177025132 -0.2265821539 -0.2226498483 -0.1452537831 -0.2921167017 0.0235216104 0.1455512327 0.1826276847 -0.3701713796 0.0484999461 0.3225891651 -0.4145185884 -0.1441023120 0.1823468155 
-0.4954175108 -0.0644784287 0.1496720946 0.3691349310 0.0394608487 -0.0421545839 0.0229631970 -0.2778536169 -0.2927865753 -0.1155824478 0.2770862573 -0.0087551250 0.1420185869 -0.3548353901 0.0475177189 -0.1978215482 -0.1108786798 0.0636908991 0.2623158097 0.2492226428 
0.0868367596 -0.1423119654 0.0886012079 -0.1545107742 0.3197824183 -0.1153360306 0.4578069199 -0.3189917274 0.2518561698 -0.0911829974 -0.2940938949 0.1174575095 -0.0225269804 0.1486535564 0.3186611307 -0.3931701449 0.0702654939 0.0811515150 0.0717822964 0.2147904807 
0.1399138313 0.0562462765 0.1730103670 0.2231500638 0.2614304460 0.1434670390 -0.3490110886 0.1290149562 0.1304997973 -0.3370232974 -0.0464763701 0.0462231155 -0.4032253720 0.2408144822 -0.1117135897 -0.0607656115 -0.4620142798 0.0092101527 0.1445869835 0.2530533971 
0.2190136342 -0.1377735912 -0.0429110182 -0.3534421959 -0.4403989939 -0.0824004127 -0.1630388770 -0.2228060675 -0.0448619720 -0.2195038288 0.2178406270 0.1590196030 -0.2649929201 -0.1198601431 -0.3319247786 -0.3491020336 0.2097100902 0.0038835671 0.0253998762 0.2124018721 
-0.3066282356 0.1343907876 -0.0853302701 -0.2552529419 0.1005118813 0.0059934389 -0.4246111832 0.1233960675 0.2274521699 0.3890431881 -0.0084678991 0.0361295003 0.1198425034 0.2142599600 0.0278796808 -0.1300891262 0.2463944608 0.0340767158 0.4717916930 0.2071909995 
-0.2845776121 0.0688371453 0.0878308927 -0.1858659508 0.2220461467 -0.4007411181 0.1499714905 0.1007930999 -0.0421250966 -0.0902316775 -0.1662623275 -0.0877294822 -0.1629577523 -0.0430097870 -0.4412688020 0.3266913968 0.1144086364 0.4171741860 -0.1345374023 0.2216700982 
